place(-4.947, 0.898, 15.895, "Military Base", 400)
upgrade(-4.947, 0.898, 15.895, 200)
upgrade(-4.947, 0.898, 15.895, 400)
place(-8.119, 0.941, 19.158, "Military Base", 400)
upgrade(-8.119, 0.941, 19.158, 200)
upgrade(-8.119, 0.941, 19.158, 400)
upgrade(-4.947, 0.898, 15.895, 1600)
upgrade(-8.119, 0.941, 19.158, 1600)
place(-2.049, 0.950, 19.630, "Military Base", 400)
upgrade(-2.049, 0.950, 19.630, 200)
upgrade(-2.049, 0.950, 19.630, 400)
upgrade(-2.049, 0.950, 19.630, 1600)
upgrade(-2.049, 0.950, 19.630, 7500)
upgrade(-8.119, 0.941, 19.158, 7500)
place(4.437, 0.912, 8.291, "Commander", 650)
upgrade(4.437, 0.912, 8.291, 400)
place(-12.707, 0.935, 19.055, "Military Base", 400)
upgrade(-12.707, 0.935, 19.055, 200)
upgrade(-12.707, 0.935, 19.055, 400)
upgrade(-12.707, 0.935, 19.055, 1600)
upgrade(-12.707, 0.935, 19.055, 7500)
place(-0.424, 0.924, 13.983, "Military Base", 400)
upgrade(-0.424, 0.924, 13.983, 200)
upgrade(-0.424, 0.924, 13.983, 400)
upgrade(-0.424, 0.924, 13.983, 1600)
upgrade(-0.424, 0.924, 13.983, 7500)
place(11.483, 4.024, 8.845, "Ranger", 4500)
place(8.549, 4.184, 7.953, "Ranger", 4500)
place(5.650, 4.518, 6.937, "Ranger", 4500)
place(2.867, 4.918, 5.570, "Ranger", 4500)
place(12.251, 4.408, 5.806, "Ranger", 4500)
place(9.268, 4.521, 5.022, "Ranger", 4500)
place(6.361, 4.567, 3.956, "Ranger", 4500)
place(3.641, 4.711, 2.551, "Ranger", 4500)
upgrade(11.483, 4.024, 8.845, 1500)
upgrade(11.483, 4.024, 8.845, 5500)
upgrade(8.549, 4.184, 7.953, 1500)
upgrade(8.549, 4.184, 7.953, 5500)
upgrade(5.650, 4.518, 6.937, 1500)
upgrade(5.650, 4.518, 6.937, 5500)
upgrade(2.867, 4.918, 5.570, 1500)
upgrade(2.867, 4.918, 5.570, 5500)
upgrade(12.251, 4.408, 5.806, 1500)
upgrade(12.251, 4.408, 5.806, 5500)
upgrade(9.268, 4.521, 5.022, 1500)
upgrade(9.268, 4.521, 5.022, 5500)
upgrade(6.361, 4.567, 3.956, 1500)
upgrade(6.361, 4.567, 3.956, 5500)
upgrade(3.641, 4.711, 2.551, 1500)
upgrade(3.641, 4.711, 2.551, 5500)
upgrade(4.437, 0.912, 8.291, 2450)
upgrade(4.437, 0.912, 8.291, 4500)
place(7.194, 0.920, 9.676, "Commander", 650)
upgrade(7.194, 0.920, 9.676, 400)
upgrade(7.194, 0.920, 9.676, 2450)
place(10.106, 0.931, 10.751, "Commander", 650)
upgrade(10.106, 0.931, 10.751, 400)
upgrade(10.106, 0.931, 10.751, 2450)
place(0.556, 0.919, 6.997, "DJ Booth", 850)
setoption(0.556, 0.919, 6.997, "Track", "Green")
upgrade(0.556, 0.919, 6.997, 300)
upgrade(0.556, 0.919, 6.997, 1250)
upgrade(0.556, 0.919, 6.997, 3000)
upgrade(0.556, 0.919, 6.997, 8000)
upgrade(0.556, 0.919, 6.997, 20000)
upgrade(12.251, 4.408, 5.806, 15750)
upgrade(11.483, 4.024, 8.845, 15750)
upgrade(9.268, 4.521, 5.022, 15750)
upgrade(8.549, 4.184, 7.953, 15750)
upgrade(5.650, 4.518, 6.937, 15750)
upgrade(6.361, 4.567, 3.956, 15750)
upgrade(3.641, 4.711, 2.551, 15750)
upgrade(2.867, 4.918, 5.570, 15750)
upgrade(4.437, 0.912, 8.291, 14000)
upgrade(4.437, 0.912, 8.291, 14000)
upgrade(7.194, 0.920, 9.676, 4500)
upgrade(7.194, 0.920, 9.676, 14000)
upgrade(10.106, 0.931, 10.751, 4500)
upgrade(10.106, 0.931, 10.751, 14000)
place(2.508, 0.931, 10.665, "Minigunner", 2000)
upgrade(2.508, 0.931, 10.665, 250)
upgrade(2.508, 0.931, 10.665, 1500)
upgrade(2.508, 0.931, 10.665, 9001)
upgrade(2.508, 0.931, 10.665, 18624)
place(5.221, 0.917, 12.033, "Minigunner", 2000)
upgrade(5.221, 0.917, 12.033, 250)
upgrade(5.221, 0.917, 12.033, 1500)
upgrade(5.221, 0.917, 12.033, 9001)
upgrade(5.221, 0.917, 12.033, 18624)
place(8.075, 0.913, 13.044, "Minigunner", 2000)
upgrade(8.075, 0.913, 13.044, 250)
upgrade(8.075, 0.913, 13.044, 1500)
upgrade(8.075, 0.913, 13.044, 9001)
upgrade(8.075, 0.913, 13.044, 18624)
place(11.069, 0.925, 13.597, "Minigunner", 2000)
upgrade(11.069, 0.925, 13.597, 250)
upgrade(11.069, 0.925, 13.597, 1500)
upgrade(11.069, 0.925, 13.597, 9001)
upgrade(11.069, 0.925, 13.597, 18624)
place(13.093, 0.943, 11.253, "Minigunner", 2000)
upgrade(13.093, 0.943, 11.253, 250)
upgrade(13.093, 0.943, 11.253, 1500)
upgrade(13.093, 0.943, 11.253, 9001)
upgrade(13.093, 0.943, 11.253, 18624)
place(15.341, 0.961, 9.109, "Minigunner", 2000)
upgrade(15.341, 0.961, 9.109, 250)
upgrade(15.341, 0.961, 9.109, 1500)
upgrade(15.341, 0.961, 9.109, 9001)
upgrade(15.341, 0.961, 9.109, 18624)
upgrade(12.251, 4.408, 5.806, 25000)
upgrade(11.483, 4.024, 8.845, 25000)
setoption(0.556, 0.919, 6.997, "Track", "Red")
settarget(9.268, 4.521, 5.022, "Last")
settarget(12.251, 4.408, 5.806, "Last")
settarget(8.549, 4.184, 7.953, "Last")
settarget(11.483, 4.024, 8.845, "Last")
upgrade(8.549, 4.184, 7.953, 25000)
settarget(15.341, 0.961, 9.109, "Last")
settarget(13.093, 0.943, 11.253, "Last")
settarget(11.069, 0.925, 13.597, "Last")
upgrade(9.268, 4.521, 5.022, 25000)
upgrade(5.650, 4.518, 6.937, 25000)
upgrade(6.361, 4.567, 3.956, 25000)
upgrade(2.867, 4.918, 5.570, 25000)
settarget(12.251, 4.408, 5.806, "First")
settarget(11.483, 4.024, 8.845, "First")
settarget(8.549, 4.184, 7.953, "First")
settarget(9.268, 4.521, 5.022, "First")
settarget(11.069, 0.925, 13.597, "First")
settarget(13.093, 0.943, 11.253, "First")
settarget(15.341, 0.961, 9.109, "First")
upgrade(3.641, 4.711, 2.551, 25000)
place(16.755, 0.976, 6.371, "Minigunner", 2000)
upgrade(16.755, 0.976, 6.371, 250)
upgrade(16.755, 0.976, 6.371, 1500)
upgrade(16.755, 0.976, 6.371, 9001)
upgrade(16.755, 0.976, 6.371, 18624)
place(15.359, 0.978, 3.691, "Minigunner", 2000)
upgrade(15.359, 0.978, 3.691, 250)
upgrade(15.359, 0.978, 3.691, 1500)
upgrade(15.359, 0.978, 3.691, 9001)
upgrade(15.359, 0.978, 3.691, 18624)
place(12.758, 0.972, 2.108, "Minigunner", 2000)
upgrade(12.758, 0.972, 2.108, 250)
upgrade(12.758, 0.972, 2.108, 1500)
upgrade(12.758, 0.972, 2.108, 9001)
upgrade(12.758, 0.972, 2.108, 18624)
place(10.171, 0.966, 0.444, "Minigunner", 2000)
upgrade(10.171, 0.966, 0.444, 250)
upgrade(10.171, 0.966, 0.444, 1500)
upgrade(10.171, 0.966, 0.444, 9001)
upgrade(10.171, 0.966, 0.444, 18624)
place(7.349, 0.957, -0.751, "Minigunner", 2000)
upgrade(7.349, 0.957, -0.751, 250)
upgrade(7.349, 0.957, -0.751, 1500)
upgrade(7.349, 0.957, -0.751, 9001)
upgrade(7.349, 0.957, -0.751, 18624)
place(4.273, 0.944, -1.390, "Minigunner", 2000)
upgrade(4.273, 0.944, -1.390, 250)
upgrade(4.273, 0.944, -1.390, 1500)
upgrade(4.273, 0.944, -1.390, 9001)
upgrade(4.273, 0.944, -1.390, 18624)
place(1.166, 0.945, -0.918, "Minigunner", 2000)
upgrade(1.166, 0.945, -0.918, 250)
upgrade(1.166, 0.945, -0.918, 1500)
upgrade(1.166, 0.945, -0.918, 9001)
upgrade(1.166, 0.945, -0.918, 18624)
place(-0.909, 0.941, 1.370, "Minigunner", 2000)
upgrade(-0.909, 0.941, 1.370, 250)
upgrade(-0.909, 0.941, 1.370, 1500)
upgrade(-0.909, 0.941, 1.370, 9001)
upgrade(-0.909, 0.941, 1.370, 18624)
place(-2.414, 0.934, 4.120, "Minigunner", 2000)
upgrade(-2.414, 0.934, 4.120, 250)
upgrade(-2.414, 0.934, 4.120, 1500)
upgrade(-2.414, 0.934, 4.120, 9001)
upgrade(-2.414, 0.934, 4.120, 18624)
place(14.727, 0.942, 13.847, "Minigunner", 2000)
upgrade(14.727, 0.942, 13.847, 250)
upgrade(14.727, 0.942, 13.847, 1500)
upgrade(14.727, 0.942, 13.847, 9001)
upgrade(14.727, 0.942, 13.847, 18624)
place(16.939, 0.960, 11.719, "Minigunner", 2000)
upgrade(16.939, 0.960, 11.719, 250)
upgrade(16.939, 0.960, 11.719, 1500)
upgrade(16.939, 0.960, 11.719, 9001)
upgrade(16.939, 0.960, 11.719, 18624)
place(18.488, 0.975, 9.068, "Minigunner", 2000)
upgrade(18.488, 0.975, 9.068, 250)
upgrade(18.488, 0.975, 9.068, 1500)
upgrade(18.488, 0.975, 9.068, 9001)
upgrade(18.488, 0.975, 9.068, 18624)
upgrade(-12.707, 0.935, 19.055, 25000)
upgrade(-8.119, 0.941, 19.158, 25000)
upgrade(-2.049, 0.950, 19.630, 25000)
upgrade(-4.947, 0.898, 15.895, 25000)
upgrade(-0.424, 0.924, 13.983, 25000)
place(19.863, 0.987, 6.236, "Minigunner", 2000)
upgrade(19.863, 0.987, 6.236, 250)
upgrade(19.863, 0.987, 6.236, 1500)
upgrade(19.863, 0.987, 6.236, 9001)
upgrade(19.863, 0.987, 6.236, 18624)
place(18.442, 0.987, 3.469, "Minigunner", 2000)
upgrade(18.442, 0.987, 3.469, 250)
upgrade(18.442, 0.987, 3.469, 1500)
upgrade(18.442, 0.987, 3.469, 9001)
upgrade(18.442, 0.987, 3.469, 18624)
place(16.694, 0.987, 0.916, "Minigunner", 2000)
upgrade(16.694, 0.987, 0.916, 250)
upgrade(16.694, 0.987, 0.916, 1500)
upgrade(16.694, 0.987, 0.916, 9001)
upgrade(16.694, 0.987, 0.916, 18624)
place(14.024, 0.985, -0.683, "Minigunner", 2000)
upgrade(14.024, 0.985, -0.683, 250)
upgrade(14.024, 0.985, -0.683, 1500)
upgrade(14.024, 0.985, -0.683, 9001)
upgrade(14.024, 0.985, -0.683, 18624)
place(11.484, 0.980, -2.284, "Minigunner", 2000)
upgrade(11.484, 0.980, -2.284, 250)
upgrade(11.484, 0.980, -2.284, 1500)
upgrade(11.484, 0.980, -2.284, 9001)
upgrade(11.484, 0.980, -2.284, 18624)
place(8.650, 0.972, -3.571, "Minigunner", 2000)
upgrade(8.650, 0.972, -3.571, 250)
upgrade(8.650, 0.972, -3.571, 1500)
upgrade(8.650, 0.972, -3.571, 9001)
upgrade(8.650, 0.972, -3.571, 18624)
place(5.566, 0.976, -4.149, "Minigunner", 2000)
upgrade(5.566, 0.976, -4.149, 250)
upgrade(5.566, 0.976, -4.149, 1500)
upgrade(5.566, 0.976, -4.149, 9001)
upgrade(5.566, 0.976, -4.149, 18624)
place(2.544, 0.953, -4.049, "Minigunner", 2000)
upgrade(2.544, 0.953, -4.049, 250)
upgrade(2.544, 0.953, -4.049, 1500)
upgrade(2.544, 0.953, -4.049, 9001)
upgrade(2.544, 0.953, -4.049, 18624)
place(-0.505, 0.957, -3.481, "Minigunner", 2000)
upgrade(-0.505, 0.957, -3.481, 250)
upgrade(-0.505, 0.957, -3.481, 1500)
upgrade(-0.505, 0.957, -3.481, 9001)
upgrade(-0.505, 0.957, -3.481, 18624)
place(-2.580, 0.952, -1.156, "Minigunner", 2000)
upgrade(-2.580, 0.952, -1.156, 250)
upgrade(-2.580, 0.952, -1.156, 1500)
upgrade(-2.580, 0.952, -1.156, 9001)
upgrade(-2.580, 0.952, -1.156, 18624)
place(-4.075, 0.946, 1.558, "Minigunner", 2000)
upgrade(-4.075, 0.946, 1.558, 250)
upgrade(-4.075, 0.946, 1.558, 1500)
upgrade(-4.075, 0.946, 1.558, 9001)
upgrade(-4.075, 0.946, 1.558, 18624)
place(17.164, 0.947, 15.641, "Minigunner", 2000)
upgrade(17.164, 0.947, 15.641, 250)
upgrade(17.164, 0.947, 15.641, 1500)
upgrade(17.164, 0.947, 15.641, 9001)
upgrade(17.164, 0.947, 15.641, 18624)
